5 5.06841 5.06841 2 1 0
4.98113 5.06841 5.06841 1 1 0
4.97171 5.06841 5.06841 1 1 0
4.96229 5.06841 5.06841 1 1 0
4.95289 5.06841 5.06841 1 1 0
4.94349 5.06841 5.06841 1 1 0
4.93411 5.06841 5.06841 1 1 0
4.92473 5.06841 5.06841 1 1 0
4.91536 5.06841 5.06841 1 1 0
4.906 5.06841 5.06841 1 1 0
4.89666 5.06841 5.06841 1 1 0
4.88732 5.06841 5.06841 1 1 0
4.87799 5.06841 5.06841 1 1 0
4.86868 5.06841 5.06841 1 1 0
4.85937 5.06841 5.06841 1 1 0
4.85008 5.06841 5.06841 1 1 0
4.8408 5.06841 5.06841 1 1 0
4.83153 5.06841 5.06841 1 1 0
4.82227 5.06841 5.06841 1 1 0
4.81302 5.06841 5.06841 1 1 0
4.80379 5.06841 5.06841 1 1 0
4.79457 5.06841 5.06841 1 1 0
4.78536 5.06841 5.06841 1 1 0
4.77617 5.06841 5.06841 1 1 0
4.76699 5.06841 5.06841 1 1 0
4.75782 5.06841 5.06841 1 1 0
4.74867 5.06841 5.06841 1 1 0
4.73953 5.06841 5.06841 1 1 0
4.73041 5.06841 5.06841 1 1 0
4.7213 5.06841 5.06841 1 1 0
4.71221 5.06841 5.06841 1 1 0
4.70313 5.06841 5.06841 1 1 0
4.69408 5.06841 5.06841 1 1 0
4.68503 5.06841 5.06841 1 1 0
4.67601 5.06841 5.06841 1 1 0
4.667 5.06841 5.06841 1 1 0
4.65801 5.06841 5.06841 1 1 0
4.64904 5.06841 5.06841 1 1 0
4.64009 5.06841 5.06841 1 1 0
4.63115 5.06841 5.06841 1 1 0
4.62224 5.06841 5.06841 1 1 0
4.61335 5.06841 5.06841 1 1 0
4.60447 5.06841 5.06841 1 1 0
4.59562 5.0684 5.0684 1 1 0
4.58679 5.0684 5.0684 1 1 0
4.57798 5.0684 5.0684 1 1 0
4.5692 5.0684 5.0684 1 1 0
4.56043 5.0684 5.0684 1 1 0
4.5517 5.0684 5.0684 1 1 0
4.54298 5.0684 5.0684 1 1 0
4.53429 5.0684 5.0684 1 1 0
4.52563 5.0684 5.0684 1 1 0
4.51699 5.0684 5.0684 1 1 0
4.50838 5.0684 5.0684 1 1 0
4.4998 5.0684 5.0684 1 1 0
4.49124 5.0684 5.0684 1 1 0
4.48271 5.0684 5.0684 1 1 0
4.47422 5.0684 5.0684 1 1 0
4.46575 5.0684 5.0684 1 1 0
4.45731 5.0684 5.0684 1 1 0
4.44891 5.0684 5.0684 1 1 0
4.44053 5.0684 5.0684 1 1 0
4.43219 5.0684 5.0684 1 1 0
4.42388 5.0684 5.0684 1 1 0
4.41561 5.0684 5.0684 1 1 0
4.40737 5.0684 5.0684 1 1 0
4.39917 5.0684 5.0684 1 1 0
4.39101 5.0684 5.0684 1 1 0
4.38288 5.0684 5.0684 1 1 0
4.37479 5.0684 5.0684 1 1 0
4.36675 5.0684 5.0684 1 1 0
4.35874 5.0684 5.0684 1 1 0
4.35077 5.0684 5.0684 1 1 0
4.34285 5.0684 5.0684 1 1 0
4.33496 5.0684 5.0684 1 1 0
4.32713 5.0684 5.0684 1 1 0
4.31933 5.0684 5.0684 1 1 0
4.31158 5.0684 5.0684 1 1 0
4.30388 5.0684 5.0684 1 1 0
4.29623 5.0684 5.0684 1 1 0
4.28863 5.0684 5.0684 1 1 0
4.28107 5.0684 5.0684 1 1 0
4.27357 5.0684 5.0684 1 1 0
4.26611 5.0684 5.0684 1 1 0
4.25871 5.0684 5.0684 1 1 0
4.25137 5.0684 5.0684 1 1 0
4.24407 5.0684 5.0684 1 1 0
4.23684 5.0684 5.0684 1 1 0
4.22966 5.0684 5.0684 1 1 0
4.22254 5.0684 5.0684 1 1 0
4.21547 5.0684 5.0684 1 1 0
4.20847 5.0684 5.0684 1 1 0
4.20152 5.0684 5.0684 1 1 0
4.19464 5.0684 5.0684 1 1 0
4.18782 5.0684 5.0684 1 1 0
4.18106 5.0684 5.0684 1 1 0
4.17436 5.0684 5.0684 1 1 0
4.16773 5.0684 5.0684 1 1 0
4.16117 5.0684 5.0684 1 1 0
4.15467 5.0684 5.0684 1 1 0
4.14824 5.0684 5.0684 1 1 0
4.14188 5.0684 5.0684 1 1 0
4.13558 5.0684 5.0684 1 1 0
4.12936 5.06839 5.06839 1 1 0
4.1232 5.06839 5.06839 1 1 0
4.11712 5.06839 5.06839 1 1 0
4.1111 5.06839 5.06839 1 1 0
4.10516 5.06839 5.06839 1 1 0
4.0993 5.06839 5.06839 1 1 0
4.0935 5.06839 5.06839 1 1 0
4.08778 5.06839 5.06839 1 1 0
4.08213 5.06839 5.06839 1 1 0
4.07655 5.06839 5.06839 1 1 0
4.07105 5.06839 5.06839 1 1 0
4.06563 5.06839 5.06839 1 1 0
4.06028 5.06839 5.06839 1 1 0
4.055 5.06839 5.06839 1 1 0
4.0498 5.06839 5.06839 1 1 0
4.04468 5.06839 5.06839 1 1 0
4.03963 5.06839 5.06839 1 1 0
4.03465 5.06839 5.06839 1 1 0
4.02976 5.06839 5.06839 1 1 0
4.02493 5.06839 5.06839 1 1 0
4.02018 5.06839 5.06839 1 1 0
4.01551 5.06839 5.06839 1 1 0
4.01091 5.06839 5.06839 1 1 0
4.00639 5.06839 5.06839 1 1 0
4.00194 5.06838 5.06838 1 1 0
3.99756 5.06838 5.06838 1 1 0
3.99326 5.06838 5.06838 1 1 0
3.98903 5.06838 5.06838 1 1 0
3.98487 5.06838 5.06838 1 1 0
3.98078 5.06838 5.06838 1 1 0
3.97677 5.06838 5.06838 1 1 0
3.97282 5.06838 5.06838 1 1 0
3.96895 5.06838 5.06838 1 1 0
3.96514 5.06838 5.06838 1 1 0
3.96141 5.06838 5.06838 1 1 0
3.95774 5.06838 5.06838 1 1 0
3.95414 5.06838 5.06838 1 1 0
3.95061 5.06838 5.06838 1 1 0
3.94714 5.06837 5.06837 1 1 0
3.94374 5.06837 5.06837 1 1 0
3.9404 5.06837 5.06837 1 1 0
3.93713 5.06837 5.06837 1 1 0
3.93392 5.06837 5.06837 1 1 0
3.93077 5.06837 5.06837 1 1 0
3.92768 5.06837 5.06837 1 1 0
3.92465 5.06837 5.06837 1 1 0
3.92169 5.06837 5.06837 1 1 0
3.91878 5.06837 5.06837 1 1 0
3.91592 5.06837 5.06837 1 1 0
3.91313 5.06836 5.06836 1 1 0
3.91039 5.06836 5.06836 1 1 0
3.9077 5.06836 5.06836 1 1 0
3.90507 5.06836 5.06836 1 1 0
3.90249 5.06836 5.06836 1 1 0
3.89997 5.06836 5.06836 1 1 0
3.89749 5.06836 5.06836 1 1 0
3.89507 5.06836 5.06836 1 1 0
3.89269 5.06836 5.06836 1 1 0
3.89037 5.06835 5.06835 1 1 0
3.88809 5.06835 5.06835 1 1 0
3.88586 5.06835 5.06835 1 1 0
3.88367 5.06835 5.06835 1 1 0
3.88153 5.06835 5.06835 1 1 0
3.87943 5.06835 5.06835 1 1 0
3.87738 5.06835 5.06835 1 1 0
3.87537 5.06834 5.06834 1 1 0
3.8734 5.06834 5.06834 1 1 0
3.87147 5.06834 5.06834 1 1 0
3.86958 5.06834 5.06834 1 1 0
3.86773 5.06834 5.06834 1 1 0
3.86592 5.06834 5.06834 1 1 0
3.86415 5.06833 5.06833 1 1 0
3.86241 5.06833 5.06833 1 1 0
3.86071 5.06833 5.06833 1 1 0
3.85904 5.06833 5.06833 1 1 0
3.85741 5.06833 5.06833 1 1 0
3.85581 5.06833 5.06833 1 1 0
3.85424 5.06832 5.06832 1 1 0
3.85271 5.06832 5.06832 1 1 0
3.85121 5.06832 5.06832 1 1 0
3.84974 5.06832 5.06832 1 1 0
3.84829 5.06831 5.06831 1 1 0
3.84688 5.06831 5.06831 1 1 0
3.8455 5.06831 5.06831 1 1 0
3.84414 5.06831 5.06831 1 1 0
3.84282 5.06831 5.06831 1 1 0
3.84151 5.0683 5.0683 1 1 0
3.84024 5.0683 5.0683 1 1 0
3.83899 5.0683 5.0683 1 1 0
3.83776 5.06829 5.06829 1 1 0
3.83656 5.06829 5.06829 1 1 0
3.83539 5.06829 5.06829 1 1 0
3.83423 5.06829 5.06829 1 1 0
3.8331 5.06828 5.06828 1 1 0
3.83199 5.06828 5.06828 1 1 0
3.8309 5.06828 5.06828 1 1 0
3.82983 5.06827 5.06827 1 1 0
3.82879 5.06827 5.06827 1 1 0
3.82776 5.06827 5.06827 1 1 0
3.82675 5.06826 5.06826 1 1 0
3.82576 5.06826 5.06826 1 1 0
3.82479 5.06826 5.06826 1 1 0
3.82383 5.06825 5.06825 1 1 0
3.8229 5.06825 5.06825 1 1 0
3.82197 5.06825 5.06825 1 1 0
3.82107 5.06824 5.06824 1 1 0
3.82018 5.06824 5.06824 1 1 0
3.81931 5.06823 5.06823 1 1 0
3.81845 5.06823 5.06823 1 1 0
3.81761 5.06823 5.06823 1 1 0
3.81678 5.06822 5.06822 1 1 0
3.81596 5.06822 5.06822 1 1 0
3.81516 5.06821 5.06821 1 1 0
3.81437 5.06821 5.06821 1 1 0
3.81359 5.0682 5.0682 1 1 0
3.81282 5.0682 5.0682 1 1 0
3.81207 5.06819 5.06819 1 1 0
3.81132 5.06819 5.06819 1 1 0
3.81059 5.06818 5.06818 1 1 0
3.80987 5.06818 5.06818 1 1 0
3.80916 5.06817 5.06817 1 1 0
3.80845 5.06817 5.06817 1 1 0
3.80776 5.06816 5.06816 1 1 0
3.80707 5.06816 5.06816 1 1 0
3.8064 5.06815 5.06815 1 1 0
3.80573 5.06814 5.06814 1 1 0
3.80507 5.06814 5.06814 1 1 0
3.80442 5.06813 5.06813 1 1 0
3.80377 5.06812 5.06812 1 1 0
3.80313 5.06812 5.06812 1 1 0
3.8025 5.06811 5.06811 1 1 0
3.80187 5.0681 5.0681 1 1 0
3.80125 5.0681 5.0681 1 1 0
3.80064 5.06809 5.06809 1 1 0
3.80002 5.06808 5.06808 1 1 0
3.79942 5.06807 5.06807 1 1 0
3.79882 5.06807 5.06807 1 1 0
3.79822 5.06806 5.06806 1 1 0
3.79763 5.06805 5.06805 1 1 0
3.79704 5.06804 5.06804 1 1 0
3.79645 5.06803 5.06803 1 1 0
3.79587 5.06802 5.06802 1 1 0
3.79529 5.06802 5.06802 1 1 0
3.79471 5.06801 5.06801 1 1 0
3.79413 5.068 5.068 1 1 0
3.79356 5.06799 5.06799 1 1 0
3.79298 5.06798 5.06798 1 1 0
3.79241 5.06797 5.06797 1 1 0
3.79184 5.06796 5.06796 1 1 0
3.79127 5.06795 5.06795 1 1 0
3.7907 5.06794 5.06794 1 1 0
3.79013 5.06792 5.06792 1 1 0
3.78956 5.06791 5.06791 1 1 0
3.78898 5.0679 5.0679 1 1 0
3.78841 5.06789 5.06789 1 1 0
3.78783 5.06788 5.06788 1 1 0
3.78726 5.06786 5.06786 1 1 0
3.78668 5.06785 5.06785 1 1 0
3.7861 5.06784 5.06784 1 1 0
3.78552 5.06783 5.06783 1 1 0
3.78493 5.06781 5.06781 1 1 0
3.78434 5.0678 5.0678 1 1 0
3.78375 5.06778 5.06778 1 1 0
3.78315 5.06777 5.06777 1 1 0
3.78255 5.06775 5.06775 1 1 0
3.78195 5.06774 5.06774 1 1 0
3.78134 5.06772 5.06772 1 1 0
3.78072 5.06771 5.06771 1 1 0
3.7801 5.06769 5.06769 1 1 0
3.77948 5.06767 5.06767 1 1 0
3.77885 5.06766 5.06766 1 1 0
3.77821 5.06764 5.06764 1 1 0
3.77756 5.06762 5.06762 1 1 0
3.77691 5.0676 5.0676 1 1 0
3.77625 5.06758 5.06758 1 1 0
3.77559 5.06756 5.06756 1 1 0
3.77491 5.06754 5.06754 1 1 0
3.77423 5.06752 5.06752 1 1 0
3.77354 5.0675 5.0675 1 1 0
3.77283 5.06748 5.06748 1 1 0
3.77212 5.06746 5.06746 1 1 0
3.7714 5.06744 5.06744 1 1 0
3.77067 5.06741 5.06741 1 1 0
3.76993 5.06739 5.06739 1 1 0
3.76918 5.06737 5.06737 1 1 0
3.76841 5.06734 5.06734 1 1 0
3.76764 5.06732 5.06732 1 1 0
3.76685 5.06729 5.06729 1 1 0
3.76605 5.06727 5.06727 1 1 0
3.76523 5.06724 5.06724 1 1 0
3.76441 5.06721 5.06721 1 1 0
3.76357 5.06719 5.06719 1 1 0
3.76271 5.06716 5.06716 1 1 0
3.76184 5.06713 5.06713 1 1 0
3.76096 5.0671 5.0671 1 1 0
3.76005 5.06707 5.06707 1 1 0
3.75914 5.06704 5.06704 1 1 0
3.7582 5.067 5.067 1 1 0
3.75725 5.06697 5.06697 1 1 0
3.75628 5.06694 5.06694 1 1 0
3.7553 5.0669 5.0669 1 1 0
3.75429 5.06687 5.06687 1 1 0
3.75327 5.06683 5.06683 1 1 0
3.75223 5.06679 5.06679 1 1 0
3.75116 5.06676 5.06676 1 1 0
3.75008 5.06672 5.06672 1 1 0
3.74897 5.06668 5.06668 1 1 0
3.74784 5.06664 5.06664 1 1 0
3.74669 5.0666 5.0666 1 1 0
3.74552 5.06655 5.06655 1 1 0
3.74433 5.06651 5.06651 1 1 0
3.74311 5.06647 5.06647 1 1 0
3.74186 5.06642 5.06642 1 1 0
3.74059 5.06638 5.06638 1 1 0
3.7393 5.06633 5.06633 1 1 0
3.73797 5.06628 5.06628 1 1 0
3.73663 5.06623 5.06623 1 1 0
3.73525 5.06618 5.06618 1 1 0
3.73384 5.06613 5.06613 1 1 0
3.73241 5.06607 5.06607 1 1 0
3.73094 5.06602 5.06602 1 1 0
3.72945 5.06596 5.06596 1 1 0
3.72792 5.06591 5.06591 1 1 0
3.72636 5.06585 5.06585 1 1 0
3.72477 5.06579 5.06579 1 1 0
3.72315 5.06573 5.06573 1 1 0
3.72149 5.06567 5.06567 1 1 0
3.7198 5.0656 5.0656 1 1 0
3.71807 5.06554 5.06554 1 1 0
3.71631 5.06547 5.06547 1 1 0
3.7145 5.0654 5.0654 1 1 0
3.71266 5.06533 5.06533 1 1 0
3.71078 5.06526 5.06526 1 1 0
3.70887 5.06519 5.06519 1 1 0
3.70691 5.06512 5.06512 1 1 0
3.70491 5.06504 5.06504 1 1 0
3.70287 5.06496 5.06496 1 1 0
3.70078 5.06488 5.06488 1 1 0
3.69865 5.0648 5.0648 1 1 0
3.69648 5.06472 5.06472 1 1 0
3.69426 5.06463 5.06463 1 1 0
3.69199 5.06455 5.06455 1 1 0
3.68968 5.06446 5.06446 1 1 0
3.68732 5.06437 5.06437 1 1 0
3.68491 5.06427 5.06427 1 1 0
3.68245 5.06418 5.06418 1 1 0
3.67994 5.06408 5.06408 1 1 0
3.67738 5.06398 5.06398 1 1 0
3.67477 5.06388 5.06388 1 1 0
3.6721 5.06378 5.06378 1 1 0
3.66937 5.06367 5.06367 1 1 0
3.6666 5.06357 5.06357 1 1 0
3.66376 5.06346 5.06346 1 1 0
3.66087 5.06334 5.06334 1 1 0
3.65792 5.06323 5.06323 1 1 0
3.65492 5.06311 5.06311 1 1 0
3.65185 5.06299 5.06299 1 1 0
3.64872 5.06287 5.06287 1 1 0
3.64553 5.06274 5.06274 1 1 0
3.64228 5.06262 5.06262 1 1 0
3.63897 5.06249 5.06249 1 1 0
3.63559 5.06235 5.06235 1 1 0
3.63215 5.06222 5.06222 1 1 0
3.62864 5.06208 5.06208 1 1 0
3.62506 5.06194 5.06194 1 1 0
3.62142 5.0618 5.0618 1 1 0
3.61772 5.06165 5.06165 1 1 0
3.61394 5.0615 5.0615 1 1 0
3.61009 5.06135 5.06135 1 1 0
3.60618 5.06119 5.06119 1 1 0
3.60219 5.06104 5.06104 1 1 0
3.59814 5.06087 5.06087 1 1 0
3.59401 5.06071 5.06071 1 1 0
3.58981 5.06054 5.06054 1 1 0
3.58554 5.06037 5.06037 1 1 0
3.5812 5.0602 5.0602 1 1 0
3.57678 5.06002 5.06002 1 1 0
3.57229 5.05984 5.05984 1 1 0
3.56773 5.05966 5.05966 1 1 0
3.56309 5.05948 5.05948 1 1 0
3.55838 5.05929 5.05929 1 1 0
3.55359 5.05909 5.05909 1 1 0
3.54873 5.0589 5.0589 1 1 0
3.54379 5.0587 5.0587 1 1 0
3.53878 5.0585 5.0585 1 1 0
3.5337 5.05829 5.05829 1 1 0
3.52854 5.05808 5.05808 1 1 0
3.52331 5.05787 5.05787 1 1 0
3.518 5.05765 5.05765 1 1 0
3.51261 5.05743 5.05743 1 1 0
3.50716 5.05721 5.05721 1 1 0
3.50163 5.05699 5.05699 1 1 0
3.49602 5.05676 5.05676 1 1 0
3.49034 5.05652 5.05652 1 1 0
3.48459 5.05629 5.05629 1 1 0
3.47877 5.05605 5.05605 1 1 0
3.47288 5.05581 5.05581 1 1 0
3.46691 5.05556 5.05556 1 1 0
3.46087 5.05531 5.05531 1 1 0
3.45477 5.05506 5.05506 1 1 0
3.44859 5.0548 5.0548 1 1 0
3.44234 5.05454 5.05454 1 1 0
3.43603 5.05428 5.05428 1 1 0
3.42965 5.05402 5.05402 1 1 0
3.4232 5.05375 5.05375 1 1 0
3.41668 5.05347 5.05347 1 1 0
3.4101 5.0532 5.0532 1 1 0
3.40346 5.05292 5.05292 1 1 0
3.39675 5.05264 5.05264 1 1 0
3.38998 5.05235 5.05235 1 1 0
3.38314 5.05207 5.05207 1 1 0
3.37625 5.05177 5.05177 1 1 0
3.3693 5.05148 5.05148 1 1 0
3.36228 5.05118 5.05118 1 1 0
3.35521 5.05088 5.05088 1 1 0
3.34808 5.05058 5.05058 1 1 0
3.34089 5.05027 5.05027 1 1 0
3.33365 5.04996 5.04996 1 1 0
3.32636 5.04965 5.04965 1 1 0
3.31901 5.04933 5.04933 1 1 0
3.31161 5.04901 5.04901 1 1 0
3.30415 5.04869 5.04869 1 1 0
3.29665 5.04837 5.04837 1 1 0
3.2891 5.04804 5.04804 1 1 0
3.28149 5.04771 5.04771 1 1 0
3.27384 5.04738 5.04738 1 1 0
3.26615 5.04704 5.04704 1 1 0
3.2584 5.0467 5.0467 1 1 0
3.25062 5.04636 5.04636 1 1 0
3.24278 5.04602 5.04602 1 1 0
3.23491 5.04567 5.04567 1 1 0
3.22699 5.04532 5.04532 1 1 0
3.21903 5.04497 5.04497 1 1 0
3.21103 5.04461 5.04461 1 1 0
3.203 5.04426 5.04426 1 1 0
3.19492 5.0439 5.0439 1 1 0
3.1868 5.04353 5.04353 1 1 0
3.17865 5.04317 5.04317 1 1 0
3.17046 5.0428 5.0428 1 1 0
3.16224 5.04243 5.04243 1 1 0
3.15398 5.04206 5.04206 1 1 0
3.14568 5.04168 5.04168 1 1 0
3.13736 5.04131 5.04131 1 1 0
3.129 5.04093 5.04093 1 1 0
3.12061 5.04055 5.04055 1 1 0
3.11219 5.04016 5.04016 1 1 0
3.10374 5.03977 5.03977 1 1 0
3.09526 5.03938 5.03938 1 1 0
3.08675 5.03899 5.03899 1 1 0
3.07821 5.0386 5.0386 1 1 0
3.06964 5.0382 5.0382 1 1 0
3.06105 5.0378 5.0378 1 1 0
3.05243 5.0374 5.0374 1 1 0
3.04379 5.037 5.037 1 1 0
3.03512 5.03659 5.03659 1 1 0
3.02642 5.03618 5.03618 1 1 0
3.01771 5.03577 5.03577 1 1 0
3.00896 5.03536 5.03536 1 1 0
3.0002 5.03495 5.03495 1 1 0
2.99141 5.03453 5.03453 1 1 0
2.9826 5.03411 5.03411 1 1 0
2.97377 5.03369 5.03369 1 1 0
2.96492 5.03327 5.03327 1 1 0
2.95605 5.03284 5.03284 1 1 0
2.94716 5.03241 5.03241 1 1 0
2.93825 5.03198 5.03198 1 1 0
2.92932 5.03155 5.03155 1 1 0
2.92037 5.03111 5.03111 1 1 0
2.9114 5.03068 5.03068 1 1 0
2.90242 5.03024 5.03024 1 1 0
2.89342 5.0298 5.0298 1 1 0
2.8844 5.02935 5.02935 1 1 0
2.87536 5.02891 5.02891 1 1 0
2.86631 5.02846 5.02846 1 1 0
2.85724 5.02801 5.02801 1 1 0
2.84816 5.02756 5.02756 1 1 0
2.83906 5.0271 5.0271 1 1 0
2.82995 5.02665 5.02665 1 1 0
2.82082 5.02619 5.02619 1 1 0
2.81168 5.02573 5.02573 1 1 0
2.80252 5.02526 5.02526 1 1 0
2.79335 5.0248 5.0248 1 1 0
2.78417 5.02433 5.02433 1 1 0
2.77498 5.02386 5.02386 1 1 0
2.76577 5.02339 5.02339 1 1 0
2.75655 5.02292 5.02292 1 1 0
2.74731 5.02244 5.02244 1 1 0
2.73807 5.02196 5.02196 1 1 0
2.72881 5.02148 5.02148 1 1 0
2.71954 5.021 5.021 1 1 0
2.71027 5.02051 5.02051 1 1 0
2.70098 5.02003 5.02003 1 1 0
2.69168 5.01954 5.01954 1 1 0
2.68236 5.01904 5.01904 1 1 0
2.67304 5.01855 5.01855 1 1 0
2.66371 5.01805 5.01805 1 1 0
2.65437 5.01756 5.01756 1 1 0
2.64502 5.01706 5.01706 1 1 0
2.63566 5.01655 5.01655 1 1 0
2.62629 5.01605 5.01605 1 1 0
2.61691 5.01554 5.01554 1 1 0
2.60753 5.01503 5.01503 1 1 0
2.59813 5.01452 5.01452 1 1 0
2.58873 5.014 5.014 1 1 0
2.57931 5.01349 5.01349 1 1 0
2.56989 5.01297 5.01297 1 1 0
2.56046 5.01244 5.01244 1 1 0
2.55103 5.01192 5.01192 1 1 0
2.54158 5.01139 5.01139 1 1 0
2.53213 5.01086 5.01086 1 1 0
2.52267 5.01033 5.01033 1 1 0
2.51321 5.0098 5.0098 1 1 0
2.50373 5.00926 5.00926 1 1 0
2.49425 5.00872 5.00872 1 1 0
2.48476 5.00818 5.00818 1 1 0
2.47527 5.00764 5.00764 1 1 0
2.46577 5.00709 5.00709 1 1 0
2.45626 5.00654 5.00654 1 1 0
2.44675 5.00599 5.00599 1 1 0
2.43723 5.00544 5.00544 1 1 0
2.42771 5.00488 5.00488 1 1 0
2.41817 5.00432 5.00432 1 1 0
2.40864 5.00376 5.00376 1 1 0
2.39909 5.0032 5.0032 1 1 0
2.38955 5.00263 5.00263 1 1 0
2.37999 5.00206 5.00206 1 1 0
2.37043 5.00149 5.00149 1 1 0
2.36087 5.00091 5.00091 1 1 0
2.3513 5.00034 5.00034 1 1 0
2.34172 4.99976 4.99976 1 1 0
2.33214 4.99917 4.99917 1 1 0
2.32256 4.99859 4.99859 1 1 0
2.31297 4.998 4.998 1 1 0
2.30337 4.9974 4.9974 1 1 0
2.29377 4.99681 4.99681 1 1 0
2.28417 4.99621 4.99621 1 1 0
2.27456 4.99561 4.99561 1 1 0
2.26495 4.99501 4.99501 1 1 0
2.25533 4.9944 4.9944 1 1 0
2.24571 4.99379 4.99379 1 1 0
2.23609 4.99318 4.99318 1 1 0
2.22646 4.99256 4.99256 1 1 0
2.21682 4.99194 4.99194 1 1 0
2.20719 4.99132 4.99132 1 1 0
2.19754 4.9907 4.9907 1 1 0
2.1879 4.99007 4.99007 1 1 0
2.17825 4.98944 4.98944 1 1 0
2.1686 4.9888 4.9888 1 1 0
2.15894 4.98816 4.98816 1 1 0
2.14928 4.98752 4.98752 1 1 0
2.13962 4.98688 4.98688 1 1 0
2.12995 4.98623 4.98623 1 1 0
2.12028 4.98558 4.98558 1 1 0
2.11061 4.98492 4.98492 1 1 0
2.10093 4.98426 4.98426 1 1 0
2.09125 4.9836 4.9836 1 1 0
2.08157 4.98293 4.98293 1 1 0
2.07189 4.98226 4.98226 1 1 0
2.0622 4.98159 4.98159 1 1 0
2.0525 4.98091 4.98091 1 1 0
2.04281 4.98023 4.98023 1 1 0
2.03311 4.97955 4.97955 1 1 0
2.02341 4.97886 4.97886 1 1 0
2.01371 4.97817 4.97817 1 1 0
2.004 4.97747 4.97747 1 1 0
1.9943 4.97677 4.97677 1 1 0
1.98459 4.97607 4.97607 1 1 0
1.97487 4.97536 4.97536 1 1 0
1.96516 4.97465 4.97465 1 1 0
1.95544 4.97393 4.97393 1 1 0
1.94572 4.97321 4.97321 1 1 0
1.93599 4.97248 4.97248 1 1 0
1.92627 4.97175 4.97175 1 1 0
1.91654 4.97102 4.97102 1 1 0
1.90681 4.97028 4.97028 1 1 0
1.89708 4.96954 4.96954 1 1 0
1.88734 4.96879 4.96879 1 1 0
1.87761 4.96804 4.96804 1 1 0
1.86787 4.96728 4.96728 1 1 0
1.85813 4.96652 4.96652 1 1 0
1.84839 4.96575 4.96575 1 1 0
1.83864 4.96498 4.96498 1 1 0
1.8289 4.9642 4.9642 1 1 0
1.81915 4.96342 4.96342 1 1 0
1.8094 4.96263 4.96263 1 1 0
1.79965 4.96184 4.96184 1 1 0
1.78989 4.96104 4.96104 1 1 0
1.78014 4.96024 4.96024 1 1 0
1.77038 4.95943 4.95943 1 1 0
1.76062 4.95862 4.95862 1 1 0
1.75086 4.9578 4.9578 1 1 0
1.7411 4.95697 4.95697 1 1 0
1.73134 4.95614 4.95614 1 1 0
1.72158 4.9553 4.9553 1 1 0
1.71181 4.95446 4.95446 1 1 0
1.70204 4.95361 4.95361 1 1 0
1.69228 4.95275 4.95275 1 1 0
1.68251 4.95189 4.95189 1 1 0
1.67273 4.95102 4.95102 1 1 0
1.66296 4.95015 4.95015 1 1 0
1.65319 4.94926 4.94926 1 1 0
1.64341 4.94837 4.94837 1 1 0
1.63364 4.94748 4.94748 1 1 0
1.62386 4.94658 4.94658 1 1 0
1.61408 4.94567 4.94567 1 1 0
1.6043 4.94475 4.94475 1 1 0
1.59453 4.94382 4.94382 1 1 0
1.58474 4.94289 4.94289 1 1 0
1.57496 4.94195 4.94195 1 1 0
1.56518 4.941 4.941 1 1 0
1.5554 4.94005 4.94005 1 1 0
1.54561 4.93908 4.93908 1 1 0
1.53583 4.93811 4.93811 1 1 0
1.52604 4.93713 4.93713 1 1 0
1.51626 4.93613 4.93613 1 1 0
1.50647 4.93513 4.93513 1 1 0
1.49668 4.93413 4.93413 1 1 0
1.4869 4.93311 4.93311 1 1 0
1.47711 4.93208 4.93208 1 1 0
1.46732 4.93104 4.93104 1 1 0
1.45753 4.92999 4.92999 1 1 0
1.44774 4.92894 4.92894 1 1 0
1.43795 4.92787 4.92787 1 1 0
1.42816 4.92679 4.92679 1 1 0
1.41837 4.9257 4.9257 1 1 0
1.40859 4.92459 4.92459 1 1 0
1.3988 4.92348 4.92348 1 1 0
1.38901 4.92235 4.92235 1 1 0
1.37922 4.92122 4.92122 1 1 0
1.36943 4.92006 4.92006 1 1 0
1.35964 4.9189 4.9189 1 1 0
1.34985 4.91772 4.91772 1 1 0
1.34006 4.91653 4.91653 1 1 0
1.33028 4.91533 4.91533 1 1 0
1.32049 4.91411 4.91411 1 1 0
1.3107 4.91287 4.91287 1 1 0
1.30092 4.91162 4.91162 1 1 0
1.29113 4.91036 4.91036 1 1 0
1.28135 4.90907 4.90907 1 1 0
1.27157 4.90777 4.90777 1 1 0
1.26179 4.90646 4.90646 1 1 0
1.25201 4.90512 4.90512 1 1 0
1.24223 4.90376 4.90376 1 1 0
1.23245 4.90239 4.90239 1 1 0
1.22268 4.901 4.901 1 1 0
1.21291 4.89958 4.89958 1 1 0
1.20314 4.89814 4.89814 1 1 0
1.19337 4.89668 4.89668 1 1 0
1.1836 4.8952 4.8952 1 1 0
1.17384 4.89369 4.89369 1 1 0
1.16408 4.89216 4.89216 1 1 0
1.15432 4.89059 4.89059 1 1 0
1.14457 4.889 4.889 1 1 0
1.13482 4.88739 4.88739 1 1 0
1.12508 4.88574 4.88574 1 1 0
1.11534 4.88405 4.88405 1 1 0
1.1056 4.88234 4.88234 1 1 0
1.09587 4.88058 4.88058 1 1 0
1.08615 4.87879 4.87879 1 1 0
1.07643 4.87696 4.87696 1 1 0
1.06672 4.87509 4.87509 1 1 0
1.05702 4.87317 4.87317 1 1 0
1.04733 4.87121 4.87121 1 1 0
1.03764 4.86919 4.86919 1 1 0
1.02797 4.86712 4.86712 1 1 0
1.01831 4.86498 4.86498 1 1 0
1.00867 4.86279 4.86279 1 1 0
0.999033 4.86052 4.86052 1 1 0
0.989418 4.85819 4.85819 1 1 0
0.979823 4.85576 4.85576 1 1 0
0.97025 4.85325 4.85325 1 1 0
0.960703 4.85065 4.85065 1 1 0
0.951185 4.84793 4.84793 1 1 0
0.941703 4.84509 4.84509 1 1 0
0.932263 4.84211 4.84211 1 1 0
0.922872 4.83897 4.83897 1 1 0
0.913544 4.83565 4.83565 1 1 0
0.904293 4.83212 4.83212 1 1 0
0.89514 4.82834 4.82834 1 1 0
0.886118 4.82426 4.82426 1 1 0
0.877273 4.8198 4.8198 1 1 0
0.868683 4.81487 4.81487 1 1 0
0.86048 4.80931 4.80931 1 1 0
0.852916 4.80291 4.80291 1 1 0
0.846512 4.79533 4.79533 1 1 0
0.842364 4.78629 4.78629 1 1 0
0.841637 4.78055 4.78055 1 1 0
0.843697 4.77077 4.77077 2 1 0
0.84882 4.76218 4.76218 2 1 0
0.855587 4.75482 4.75482 2 1 0
0.863238 4.7484 4.7484 2 1 0
0.87141 4.74266 4.74266 2 1 0
0.879917 4.73744 4.73744 2 1 0
0.888656 4.73262 4.73262 2 1 0
0.897562 4.72812 4.72812 2 1 0
0.906596 4.72389 4.72389 2 1 0
0.915729 4.71989 4.71989 2 1 0
0.924942 4.71607 4.71607 2 1 0
0.93422 4.71242 4.71242 2 1 0
0.943553 4.70891 4.70891 2 1 0
0.952931 4.70552 4.70552 2 1 0
0.962349 4.70225 4.70225 2 1 0
0.971802 4.69909 4.69909 2 1 0
0.981284 4.69601 4.69601 2 1 0
0.990792 4.69302 4.69302 2 1 0
1.00032 4.69011 4.69011 2 1 0
1.00988 4.68726 4.68726 2 1 0
1.01945 4.68449 4.68449 2 1 0
1.02904 4.68177 4.68177 2 1 0
1.03864 4.67911 4.67911 2 1 0
1.04826 4.6765 4.6765 2 1 0
1.05789 4.67394 4.67394 2 1 0
1.06754 4.67143 4.67143 2 1 0
1.07719 4.66896 4.66896 2 1 0
1.08686 4.66653 4.66653 2 1 0
1.09653 4.66414 4.66414 2 1 0
1.10622 4.66179 4.66179 2 1 0
1.11591 4.65947 4.65947 2 1 0
1.12561 4.65718 4.65718 2 1 0
1.13532 4.65493 4.65493 2 1 0
1.14503 4.65271 4.65271 2 1 0
1.15475 4.65051 4.65051 2 1 0
1.16448 4.64835 4.64835 2 1 0
1.17421 4.64621 4.64621 2 1 0
1.18395 4.64409 4.64409 2 1 0
1.19369 4.642 4.642 2 1 0
1.20344 4.63994 4.63994 2 1 0
1.2132 4.63789 4.63789 2 1 0
1.22295 4.63587 4.63587 2 1 0
1.23272 4.63387 4.63387 2 1 0
1.24248 4.63189 4.63189 2 1 0
1.25225 4.62992 4.62992 2 1 0
1.26203 4.62798 4.62798 2 1 0
1.2718 4.62605 4.62605 2 1 0
1.28158 4.62415 4.62415 2 1 0
1.29137 4.62226 4.62226 2 1 0
1.30116 4.62038 4.62038 2 1 0
1.31095 4.61852 4.61852 2 1 0
1.32074 4.61668 4.61668 2 1 0
1.33054 4.61485 4.61485 2 1 0
1.34034 4.61304 4.61304 2 1 0
1.35014 4.61124 4.61124 2 1 0
1.35994 4.60946 4.60946 2 1 0
1.36975 4.60768 4.60768 2 1 0
1.37956 4.60593 4.60593 2 1 0
1.38937 4.60418 4.60418 2 1 0
1.39918 4.60245 4.60245 2 1 0
1.409 4.60073 4.60073 2 1 0
1.41882 4.59902 4.59902 2 1 0
1.42864 4.59732 4.59732 2 1 0
1.43846 4.59564 4.59564 2 1 0
1.44828 4.59396 4.59396 2 1 0
1.45811 4.5923 4.5923 2 1 0
1.46794 4.59064 4.59064 2 1 0
1.47777 4.589 4.589 2 1 0
1.4876 4.58737 4.58737 2 1 0
1.49743 4.58574 4.58574 2 1 0
1.50726 4.58413 4.58413 2 1 0
1.5171 4.58253 4.58253 2 1 0
1.52694 4.58093 4.58093 2 1 0
1.53678 4.57935 4.57935 2 1 0
1.54662 4.57777 4.57777 2 1 0
1.55646 4.5762 4.5762 2 1 0
1.5663 4.57464 4.57464 2 1 0
1.57615 4.57309 4.57309 2 1 0
1.58599 4.57155 4.57155 2 1 0
1.59584 4.57001 4.57001 2 1 0
1.60569 4.56849 4.56849 2 1 0
1.61554 4.56697 4.56697 2 1 0
1.62539 4.56546 4.56546 2 1 0
1.63524 4.56395 4.56395 2 1 0
1.6451 4.56246 4.56246 2 1 0
1.65495 4.56097 4.56097 2 1 0
1.66481 4.55949 4.55949 2 1 0
1.67467 4.55801 4.55801 2 1 0
1.68452 4.55655 4.55655 2 1 0
1.69438 4.55508 4.55508 2 1 0
1.70424 4.55363 4.55363 2 1 0
1.71411 4.55218 4.55218 2 1 0
1.72397 4.55074 4.55074 2 1 0
1.73383 4.54931 4.54931 2 1 0
1.7437 4.54788 4.54788 2 1 0
1.75356 4.54646 4.54646 2 1 0
1.76343 4.54504 4.54504 2 1 0
1.77329 4.54363 4.54363 2 1 0
1.78316 4.54223 4.54223 2 1 0
1.79303 4.54083 4.54083 2 1 0
1.8029 4.53944 4.53944 2 1 0
1.81277 4.53805 4.53805 2 1 0
1.82264 4.53667 4.53667 2 1 0
1.83251 4.53529 4.53529 2 1 0
1.84239 4.53392 4.53392 2 1 0
1.85226 4.53256 4.53256 2 1 0
1.86214 4.5312 4.5312 2 1 0
1.87201 4.52984 4.52984 2 1 0
1.88189 4.52849 4.52849 2 1 0
1.89176 4.52715 4.52715 2 1 0
1.90164 4.52581 4.52581 2 1 0
1.91152 4.52448 4.52448 2 1 0
1.9214 4.52315 4.52315 2 1 0
1.93128 4.52183 4.52183 2 1 0
1.94116 4.52051 4.52051 2 1 0
1.95104 4.51919 4.51919 2 1 0
1.96092 4.51788 4.51788 2 1 0
1.97081 4.51658 4.51658 2 1 0
1.98069 4.51528 4.51528 2 1 0
1.99057 4.51398 4.51398 2 1 0
2.00046 4.51269 4.51269 2 1 0
2.01034 4.5114 4.5114 2 1 0
2.02023 4.51012 4.51012 2 1 0
2.03011 4.50884 4.50884 2 1 0
2.04 4.50756 4.50756 2 1 0
2.04989 4.50629 4.50629 2 1 0
2.05978 4.50503 4.50503 2 1 0
2.06967 4.50377 4.50377 2 1 0
2.07955 4.50251 4.50251 2 1 0
2.08944 4.50125 4.50125 2 1 0
2.09933 4.5 4.5 2 1 0
2.10923 4.49876 4.49876 2 1 0
2.11912 4.49752 4.49752 2 1 0
2.12901 4.49628 4.49628 2 1 0
2.1389 4.49505 4.49505 2 1 0
2.1488 4.49381 4.49381 2 1 0
2.15869 4.49259 4.49259 2 1 0
2.16858 4.49137 4.49137 2 1 0
2.17848 4.49015 4.49015 2 1 0
2.18837 4.48893 4.48893 2 1 0
2.19827 4.48772 4.48772 2 1 0
2.20816 4.48651 4.48651 2 1 0
2.21806 4.48531 4.48531 2 1 0
2.22796 4.4841 4.4841 2 1 0
2.23786 4.48291 4.48291 2 1 0
2.24775 4.48171 4.48171 2 1 0
2.25765 4.48052 4.48052 2 1 0
2.26755 4.47933 4.47933 2 1 0
2.27745 4.47815 4.47815 2 1 0
2.28735 4.47697 4.47697 2 1 0
2.29725 4.47579 4.47579 2 1 0
2.30715 4.47462 4.47462 2 1 0
2.31705 4.47345 4.47345 2 1 0
2.32695 4.47228 4.47228 2 1 0
2.33686 4.47111 4.47111 2 1 0
2.34676 4.46995 4.46995 2 1 0
2.35666 4.46879 4.46879 2 1 0
2.36657 4.46764 4.46764 2 1 0
2.37647 4.46649 4.46649 2 1 0
2.38637 4.46534 4.46534 2 1 0
2.39628 4.46419 4.46419 2 1 0
2.40618 4.46305 4.46305 2 1 0
2.41609 4.46191 4.46191 2 1 0
2.42599 4.46077 4.46077 2 1 0
2.4359 4.45964 4.45964 2 1 0
2.44581 4.45851 4.45851 2 1 0
2.45571 4.45738 4.45738 2 1 0
2.46562 4.45625 4.45625 2 1 0
2.47553 4.45513 4.45513 2 1 0
2.48544 4.45401 4.45401 2 1 0
2.49534 4.45289 4.45289 2 1 0
2.50525 4.45178 4.45178 2 1 0
2.51516 4.45067 4.45067 2 1 0
2.52507 4.44956 4.44956 2 1 0
2.53498 4.44845 4.44845 2 1 0
2.54489 4.44735 4.44735 2 1 0
2.5548 4.44625 4.44625 2 1 0
2.56471 4.44515 4.44515 2 1 0
2.57462 4.44406 4.44406 2 1 0
2.58454 4.44296 4.44296 2 1 0
2.59445 4.44187 4.44187 2 1 0
2.60436 4.44079 4.44079 2 1 0
2.61427 4.4397 4.4397 2 1 0
2.62419 4.43862 4.43862 2 1 0
2.6341 4.43754 4.43754 2 1 0
2.64401 4.43646 4.43646 2 1 0
2.65393 4.43539 4.43539 2 1 0
2.66384 4.43431 4.43431 2 1 0
2.67376 4.43324 4.43324 2 1 0
2.68367 4.43218 4.43218 2 1 0
2.69359 4.43111 4.43111 2 1 0
2.7035 4.43005 4.43005 2 1 0
2.71342 4.42899 4.42899 2 1 0
2.72333 4.42793 4.42793 2 1 0
2.73325 4.42687 4.42687 2 1 0
2.74317 4.42582 4.42582 2 1 0
2.75308 4.42477 4.42477 2 1 0
2.763 4.42372 4.42372 2 1 0
2.77292 4.42268 4.42268 2 1 0
2.78284 4.42163 4.42163 2 1 0
2.79275 4.42059 4.42059 2 1 0
2.80267 4.41955 4.41955 2 1 0
2.81259 4.41851 4.41851 2 1 0
2.82251 4.41748 4.41748 2 1 0
2.83243 4.41645 4.41645 2 1 0
2.84235 4.41542 4.41542 2 1 0
2.85227 4.41439 4.41439 2 1 0
2.86219 4.41336 4.41336 2 1 0
2.87211 4.41234 4.41234 2 1 0
2.88203 4.41132 4.41132 2 1 0
2.89195 4.4103 4.4103 2 1 0
2.90187 4.40928 4.40928 2 1 0
2.91179 4.40826 4.40826 2 1 0
2.92171 4.40725 4.40725 2 1 0
2.93164 4.40624 4.40624 2 1 0
2.94156 4.40523 4.40523 2 1 0
2.95148 4.40422 4.40422 2 1 0
2.9614 4.40322 4.40322 2 1 0
2.97133 4.40221 4.40221 2 1 0
2.98125 4.40121 4.40121 2 1 0
2.99117 4.40022 4.40022 2 1 0
3.0011 4.39922 4.39922 2 1 0
3.01102 4.39822 4.39822 2 1 0
3.02095 4.39723 4.39723 2 1 0
3.03087 4.39624 4.39624 2 1 0
3.04079 4.39525 4.39525 2 1 0
3.05072 4.39426 4.39426 2 1 0
3.06065 4.39328 4.39328 2 1 0
3.07057 4.3923 4.3923 2 1 0
3.0805 4.39131 4.39131 2 1 0
3.09042 4.39034 4.39034 2 1 0
3.10035 4.38936 4.38936 2 1 0
3.11027 4.38838 4.38838 2 1 0
3.1202 4.38741 4.38741 2 1 0
3.13013 4.38644 4.38644 2 1 0
3.14006 4.38547 4.38547 2 1 0
3.14998 4.3845 4.3845 2 1 0
3.15991 4.38353 4.38353 2 1 0
3.16984 4.38257 4.38257 2 1 0
3.17977 4.38161 4.38161 2 1 0
3.18969 4.38065 4.38065 2 1 0
3.19962 4.37969 4.37969 2 1 0
3.20955 4.37873 4.37873 2 1 0
3.21948 4.37778 4.37778 2 1 0
3.22941 4.37682 4.37682 2 1 0
3.23934 4.37587 4.37587 2 1 0
3.24927 4.37492 4.37492 2 1 0
3.2592 4.37397 4.37397 2 1 0
3.26913 4.37303 4.37303 2 1 0
3.27906 4.37208 4.37208 2 1 0
3.28899 4.37114 4.37114 2 1 0
3.29892 4.3702 4.3702 2 1 0
3.30885 4.36926 4.36926 2 1 0
3.31878 4.36832 4.36832 2 1 0
3.32871 4.36738 4.36738 2 1 0
3.33864 4.36645 4.36645 2 1 0
3.34858 4.36552 4.36552 2 1 0
3.35851 4.36459 4.36459 2 1 0
3.36844 4.36366 4.36366 2 1 0
3.37837 4.36273 4.36273 2 1 0
3.3883 4.3618 4.3618 2 1 0
3.39824 4.36088 4.36088 2 1 0
3.40817 4.35996 4.35996 2 1 0
3.4181 4.35904 4.35904 2 1 0
3.42804 4.35812 4.35812 2 1 0
3.43797 4.3572 4.3572 2 1 0
3.4479 4.35628 4.35628 2 1 0
3.45784 4.35537 4.35537 2 1 0
3.46777 4.35445 4.35445 2 1 0
3.47771 4.35354 4.35354 2 1 0
3.48764 4.35263 4.35263 2 1 0
3.49757 4.35172 4.35172 2 1 0
3.50751 4.35082 4.35082 2 1 0
3.51744 4.34991 4.34991 2 1 0
3.52738 4.34901 4.34901 2 1 0
3.53731 4.34811 4.34811 2 1 0
3.54725 4.34721 4.34721 2 1 0
3.55719 4.34631 4.34631 2 1 0
3.56712 4.34541 4.34541 2 1 0
3.57706 4.34451 4.34451 2 1 0
3.58699 4.34362 4.34362 2 1 0
3.59693 4.34273 4.34273 2 1 0
3.60687 4.34184 4.34184 2 1 0
3.6168 4.34095 4.34095 2 1 0
3.62674 4.34006 4.34006 2 1 0
3.63668 4.33917 4.33917 2 1 0
3.64662 4.33828 4.33828 2 1 0
3.65655 4.3374 4.3374 2 1 0
3.66649 4.33652 4.33652 2 1 0
3.67643 4.33564 4.33564 2 1 0
3.68637 4.33476 4.33476 2 1 0
3.6963 4.33388 4.33388 2 1 0
3.70624 4.333 4.333 2 1 0
3.71618 4.33213 4.33213 2 1 0
3.72612 4.33125 4.33125 2 1 0
3.73606 4.33038 4.33038 2 1 0
3.746 4.32951 4.32951 2 1 0
3.75594 4.32864 4.32864 2 1 0
3.76588 4.32777 4.32777 2 1 0
3.77582 4.32691 4.32691 2 1 0
3.78576 4.32604 4.32604 2 1 0
3.7957 4.32518 4.32518 2 1 0
3.80564 4.32431 4.32431 2 1 0
3.81558 4.32345 4.32345 2 1 0
3.82552 4.32259 4.32259 2 1 0
3.83546 4.32173 4.32173 2 1 0
3.8454 4.32088 4.32088 2 1 0
3.85534 4.32002 4.32002 2 1 0
3.86528 4.31917 4.31917 2 1 0
3.87522 4.31831 4.31831 2 1 0
3.88516 4.31746 4.31746 2 1 0
3.8951 4.31661 4.31661 2 1 0
3.90504 4.31576 4.31576 2 1 0
3.91499 4.31492 4.31492 2 1 0
3.92493 4.31407 4.31407 2 1 0
3.93487 4.31322 4.31322 2 1 0
3.94481 4.31238 4.31238 2 1 0
3.95475 4.31154 4.31154 2 1 0
3.9647 4.3107 4.3107 2 1 0
3.97464 4.30986 4.30986 2 1 0
3.98458 4.30902 4.30902 2 1 0
3.99453 4.30818 4.30818 2 1 0
4.00447 4.30735 4.30735 2 1 0
4.01441 4.30651 4.30651 2 1 0
4.02435 4.30568 4.30568 2 1 0
4.0343 4.30485 4.30485 2 1 0
4.04424 4.30401 4.30401 2 1 0
4.05419 4.30318 4.30318 2 1 0
4.06413 4.30236 4.30236 2 1 0
4.07407 4.30153 4.30153 2 1 0
4.08402 4.3007 4.3007 2 1 0
4.09396 4.29988 4.29988 2 1 0
4.10391 4.29906 4.29906 2 1 0
4.11385 4.29823 4.29823 2 1 0
4.1238 4.29741 4.29741 2 1 0
4.13374 4.29659 4.29659 2 1 0
4.14369 4.29577 4.29577 2 1 0
4.15363 4.29496 4.29496 2 1 0
4.16358 4.29414 4.29414 2 1 0
4.17352 4.29333 4.29333 2 1 0
4.18347 4.29251 4.29251 2 1 0
4.19341 4.2917 4.2917 2 1 0
4.20336 4.29089 4.29089 2 1 0
4.21331 4.29008 4.29008 2 1 0
4.22325 4.28927 4.28927 2 1 0
4.2332 4.28846 4.28846 2 1 0
4.24315 4.28766 4.28766 2 1 0
4.25309 4.28685 4.28685 2 1 0
4.26304 4.28605 4.28605 2 1 0
4.27299 4.28525 4.28525 2 1 0
4.28293 4.28444 4.28444 2 1 0
4.29288 4.28364 4.28364 2 1 0
4.30283 4.28284 4.28284 2 1 0
4.31277 4.28205 4.28205 2 1 0
4.32272 4.28125 4.28125 2 1 0
4.33267 4.28045 4.28045 2 1 0
4.34262 4.27966 4.27966 2 1 0
4.35257 4.27886 4.27886 2 1 0
4.36251 4.27807 4.27807 2 1 0
4.37246 4.27728 4.27728 2 1 0
4.38241 4.27649 4.27649 2 1 0
4.39236 4.2757 4.2757 2 1 0
4.40231 4.27491 4.27491 2 1 0
4.41226 4.27413 4.27413 2 1 0
4.4222 4.27334 4.27334 2 1 0
4.43215 4.27256 4.27256 2 1 0
4.4421 4.27177 4.27177 2 1 0
4.45205 4.27099 4.27099 2 1 0
4.462 4.27021 4.27021 2 1 0
4.47195 4.26943 4.26943 2 1 0
4.4819 4.26865 4.26865 2 1 0
4.49185 4.26787 4.26787 2 1 0
4.5018 4.26709 4.26709 2 1 0
4.51175 4.26632 4.26632 2 1 0
4.5217 4.26554 4.26554 2 1 0
4.53165 4.26477 4.26477 2 1 0
4.5416 4.264 4.264 2 1 0
4.55155 4.26323 4.26323 2 1 0
4.5615 4.26246 4.26246 2 1 0
4.57145 4.26169 4.26169 2 1 0
4.5814 4.26092 4.26092 2 1 0
4.59135 4.26015 4.26015 2 1 0
4.6013 4.25938 4.25938 2 1 0
4.61125 4.25862 4.25862 2 1 0
4.62121 4.25786 4.25786 2 1 0
4.63116 4.25709 4.25709 2 1 0
4.64111 4.25633 4.25633 2 1 0
4.65106 4.25557 4.25557 2 1 0
4.66101 4.25481 4.25481 2 1 0
4.67096 4.25405 4.25405 2 1 0
4.68092 4.25329 4.25329 2 1 0
4.69087 4.25254 4.25254 2 1 0
4.70082 4.25178 4.25178 2 1 0
4.71077 4.25102 4.25102 2 1 0
4.72072 4.25027 4.25027 2 1 0
4.73068 4.24952 4.24952 2 1 0
4.74063 4.24877 4.24877 2 1 0
4.75058 4.24802 4.24802 2 1 0
4.76053 4.24727 4.24727 2 1 0
4.77049 4.24652 4.24652 2 1 0
4.78044 4.24577 4.24577 2 1 0
4.79039 4.24502 4.24502 2 1 0
4.80035 4.24428 4.24428 2 1 0
4.8103 4.24353 4.24353 2 1 0
4.82025 4.24279 4.24279 2 1 0
4.83021 4.24204 4.24204 2 1 0
4.84016 4.2413 4.2413 2 1 0
4.85011 4.24056 4.24056 2 1 0
4.86007 4.23982 4.23982 2 1 0
4.87002 4.23908 4.23908 2 1 0
4.87998 4.23835 4.23835 2 1 0
4.88993 4.23761 4.23761 2 1 0
4.89989 4.23687 4.23687 2 1 0
4.90984 4.23614 4.23614 2 1 0
4.91979 4.2354 4.2354 2 1 0
4.92975 4.23467 4.23467 2 1 0
4.9397 4.23394 4.23394 2 1 0
4.94966 4.23321 4.23321 2 1 0
4.95961 4.23248 4.23248 2 1 0
4.96957 4.23175 4.23175 2 1 0
4.97952 4.23102 4.23102 2 1 0
4.98948 4.23029 4.23029 2 1 0
4.99943 4.22956 4.22956 2 1 0
5.00939 4.22884 4.22884 2 1 0
5 0 0 2 1 0
4.98 0 0 1 1 0
4.97 0 0 1 1 0
4.96 0 0 1 1 0
4.95 0 0 1 1 0
4.94 0 0 1 1 0
4.93 0 0 1 1 0
4.92 0 0 1 1 0
4.91 0 0 1 1 0
4.9 0 0 1 1 0
4.89 0 0 1 1 0
4.88 0 0 1 1 0
4.87 0 0 1 1 0
4.86 0 0 1 1 0
4.85 0 0 1 1 0
4.84 0 0 1 1 0
4.83 0 0 1 1 0
4.82 0 0 1 1 0
4.81 0 0 1 1 0
4.8 0 0 1 1 0
4.79 0 0 1 1 0
4.78 0 0 1 1 0
4.77 0 0 1 1 0
4.76 0 0 1 1 0
4.75 0 0 1 1 0
4.74 0 0 1 1 0
4.73 0 0 1 1 0
4.72 0 0 1 1 0
4.71 0 0 1 1 0
4.7 0 0 1 1 0
4.69 0 0 1 1 0
4.68 0 0 1 1 0
4.67 0 0 1 1 0
4.66 0 0 1 1 0
4.65 0 0 1 1 0
4.64 0 0 1 1 0
4.63 0 0 1 1 0
4.62 0 0 1 1 0
4.61 0 0 1 1 0
4.6 0 0 1 1 0
4.59 0 0 1 1 0
4.58 0 0 1 1 0
4.57 0 0 1 1 0
4.56 0 0 1 1 0
4.55 0 0 1 1 0
4.54 0 0 1 1 0
4.53 0 0 1 1 0
4.52 0 0 1 1 0
4.51 0 0 1 1 0
4.5 0 0 1 1 0
4.49 0 0 1 1 0
4.48 0 0 1 1 0
4.47 0 0 1 1 0
4.46 0 0 1 1 0
4.45 0 0 1 1 0
4.44 0 0 1 1 0
4.43 0 0 1 1 0
4.42 0 0 1 1 0
4.41 0 0 1 1 0
4.4 0 0 1 1 0
4.39 0 0 1 1 0
4.38 0 0 1 1 0
4.37 0 0 1 1 0
4.36 0 0 1 1 0
4.35 0 0 1 1 0
4.34 0 0 1 1 0
4.33 0 0 1 1 0
4.32 0 0 1 1 0
4.31 0 0 1 1 0
4.3 0 0 1 1 0
4.29 0 0 1 1 0
4.28 0 0 1 1 0
4.27 0 0 1 1 0
4.26 0 0 1 1 0
4.25 0 0 1 1 0
4.24 0 0 1 1 0
4.23 0 0 1 1 0
4.22 0 0 1 1 0
4.21 0 0 1 1 0
4.2 0 0 1 1 0
4.19 0 0 1 1 0
4.18 0 0 1 1 0
4.17 0 0 1 1 0
4.16 0 0 1 1 0
4.15 0 0 1 1 0
4.14 0 0 1 1 0
4.13 0 0 1 1 0
4.12 0 0 1 1 0
4.11 0 0 1 1 0
4.1 0 0 1 1 0
4.09 0 0 1 1 0
4.08 0 0 1 1 0
4.07 0 0 1 1 0
4.06 0 0 1 1 0
4.05 0 0 1 1 0
4.04 0 0 1 1 0
4.03 0 0 1 1 0
4.02 0 0 1 1 0
4.01 0 0 1 1 0
4 0 0 1 1 0
3.99 0 0 1 1 0
3.98 0 0 1 1 0
3.97 0 0 1 1 0
3.96 0 0 1 1 0
3.95 0 0 1 1 0
3.94 0 0 1 1 0
3.93 0 0 1 1 0
3.92 0 0 1 1 0
3.91 0 0 1 1 0
3.9 0 0 1 1 0
3.89 0 0 1 1 0
3.88 0 0 1 1 0
3.87 0 0 1 1 0
3.86 0 0 1 1 0
3.85 0 0 1 1 0
3.84 0 0 1 1 0
3.83 0 0 1 1 0
3.82 0 0 1 1 0
3.81 0 0 1 1 0
3.8 0 0 1 1 0
3.79 0 0 1 1 0
3.78 0 0 1 1 0
3.77 0 0 1 1 0
3.76 0 0 1 1 0
3.75 0 0 1 1 0
3.74 0 0 1 1 0
3.73 0 0 1 1 0
3.72 0 0 1 1 0
3.71 0 0 1 1 0
3.7 0 0 1 1 0
3.69 0 0 1 1 0
3.68 0 0 1 1 0
3.67 0 0 1 1 0
3.66 0 0 1 1 0
3.65 0 0 1 1 0
3.64 0 0 1 1 0
3.63 0 0 1 1 0
3.62 0 0 1 1 0
3.61 0 0 1 1 0
3.6 0 0 1 1 0
3.59 0 0 1 1 0
3.58 0 0 1 1 0
3.57 0 0 1 1 0
3.56 0 0 1 1 0
3.55 0 0 1 1 0
3.54 0 0 1 1 0
3.53 0 0 1 1 0
3.52 0 0 1 1 0
3.51 0 0 1 1 0
3.5 0 0 1 1 0
3.49 0 0 1 1 0
3.48 0 0 1 1 0
3.47 0 0 1 1 0
3.46 0 0 1 1 0
3.45 0 0 1 1 0
3.44 0 0 1 1 0
3.43 0 0 1 1 0
3.42 0 0 1 1 0
3.41 0 0 1 1 0
3.4 0 0 1 1 0
3.39 0 0 1 1 0
3.38 0 0 1 1 0
3.37 0 0 1 1 0
3.36 0 0 1 1 0
3.35 0 0 1 1 0
3.34 0 0 1 1 0
3.33 0 0 1 1 0
3.32 0 0 1 1 0
3.31 0 0 1 1 0
3.3 0 0 1 1 0
3.29 0 0 1 1 0
3.28 0 0 1 1 0
3.27 0 0 1 1 0
3.26 0 0 1 1 0
3.25 0 0 1 1 0
3.24 0 0 1 1 0
3.23 0 0 1 1 0
3.22 0 0 1 1 0
3.21 0 0 1 1 0
3.2 0 0 1 1 0
3.19 0 0 1 1 0
3.18 0 0 1 1 0
3.17 0 0 1 1 0
3.16 0 0 1 1 0
3.15 0 0 1 1 0
3.14 0 0 1 1 0
3.13 0 0 1 1 0
3.12 0 0 1 1 0
3.11 0 0 1 1 0
3.1 0 0 1 1 0
3.09 0 0 1 1 0
3.08 0 0 1 1 0
3.07 0 0 1 1 0
3.06 0 0 1 1 0
3.05 0 0 1 1 0
3.04 0 0 1 1 0
3.03 0 0 1 1 0
3.02 0 0 1 1 0
3.01 0 0 1 1 0
3 0 0 1 1 0
2.99 0 0 1 1 0
2.98 0 0 1 1 0
2.97 0 0 1 1 0
2.96 0 0 1 1 0
2.95 0 0 1 1 0
2.94 0 0 1 1 0
2.93 0 0 1 1 0
2.92 0 0 1 1 0
2.91 0 0 1 1 0
2.9 0 0 1 1 0
2.89 0 0 1 1 0
2.88 0 0 1 1 0
2.87 0 0 1 1 0
2.86 0 0 1 1 0
2.85 0 0 1 1 0
2.84 0 0 1 1 0
2.83 0 0 1 1 0
2.82 0 0 1 1 0
2.81 0 0 1 1 0
2.8 0 0 1 1 0
2.79 0 0 1 1 0
2.78 0 0 1 1 0
2.77 0 0 1 1 0
2.76 0 0 1 1 0
2.75 0 0 1 1 0
2.74 0 0 1 1 0
2.73 0 0 1 1 0
2.72 0 0 1 1 0
2.71 0 0 1 1 0
2.7 0 0 1 1 0
2.69 0 0 1 1 0
2.68 0 0 1 1 0
2.67 0 0 1 1 0
2.66 0 0 1 1 0
2.65 0 0 1 1 0
2.64 0 0 1 1 0
2.63 0 0 1 1 0
2.62 0 0 1 1 0
2.61 0 0 1 1 0
2.6 0 0 1 1 0
2.59 0 0 1 1 0
2.58 0 0 1 1 0
2.57 0 0 1 1 0
2.56 0 0 1 1 0
2.55 0 0 1 1 0
2.54 0 0 1 1 0
2.53 0 0 1 1 0
2.52 0 0 1 1 0
2.51 0 0 1 1 0
2.5 0 0 1 1 0
2.49 0 0 1 1 0
2.48 0 0 1 1 0
2.47 0 0 1 1 0
2.46 0 0 1 1 0
2.45 0 0 1 1 0
2.44 0 0 1 1 0
2.43 0 0 1 1 0
2.42 0 0 1 1 0
2.41 0 0 1 1 0
2.4 0 0 1 1 0
2.39 0 0 1 1 0
2.38 0 0 1 1 0
2.37 0 0 1 1 0
2.36 0 0 1 1 0
2.35 0 0 1 1 0
2.34 0 0 1 1 0
2.33 0 0 1 1 0
2.32 0 0 1 1 0
2.31 0 0 1 1 0
2.3 0 0 1 1 0
2.29 0 0 1 1 0
2.28 0 0 1 1 0
2.27 0 0 1 1 0
2.26 0 0 1 1 0
2.25 0 0 1 1 0
2.24 0 0 1 1 0
2.23 0 0 1 1 0
2.22 0 0 1 1 0
2.21 0 0 1 1 0
2.2 0 0 1 1 0
2.19 0 0 1 1 0
2.18 0 0 1 1 0
2.17 0 0 1 1 0
2.16 0 0 1 1 0
2.15 0 0 1 1 0
2.14 0 0 1 1 0
2.13 0 0 1 1 0
2.12 0 0 1 1 0
2.11 0 0 1 1 0
2.1 0 0 1 1 0
2.09 0 0 1 1 0
2.08 0 0 1 1 0
2.07 0 0 1 1 0
2.06 0 0 1 1 0
2.05 0 0 1 1 0
2.04 0 0 1 1 0
2.03 0 0 1 1 0
2.02 0 0 1 1 0
2.01 0 0 1 1 0
2 0 0 1 1 0
1.99 0 0 1 1 0
1.98 0 0 1 1 0
1.97 0 0 1 1 0
1.96 0 0 1 1 0
1.95 0 0 1 1 0
1.94 0 0 1 1 0
1.93 0 0 1 1 0
1.92 0 0 1 1 0
1.91 0 0 1 1 0
1.9 0 0 1 1 0
1.89 0 0 1 1 0
1.88 0 0 1 1 0
1.87 0 0 1 1 0
1.86 0 0 1 1 0
1.85 0 0 1 1 0
1.84 0 0 1 1 0
1.83 0 0 1 1 0
1.82 0 0 1 1 0
1.81 0 0 1 1 0
1.8 0 0 1 1 0
1.79 0 0 1 1 0
1.78 0 0 1 1 0
1.77 0 0 1 1 0
1.76 0 0 1 1 0
1.75 0 0 1 1 0
1.74 0 0 1 1 0
1.73 0 0 1 1 0
1.72 0 0 1 1 0
1.71 0 0 1 1 0
1.7 0 0 1 1 0
1.69 0 0 1 1 0
1.68 0 0 1 1 0
1.67 0 0 1 1 0
1.66 0 0 1 1 0
1.65 0 0 1 1 0
1.64 0 0 1 1 0
1.63 0 0 1 1 0
1.62 0 0 1 1 0
1.61 0 0 1 1 0
1.6 0 0 1 1 0
1.59 0 0 1 1 0
1.58 0 0 1 1 0
1.57 0 0 1 1 0
1.56 0 0 1 1 0
1.55 0 0 1 1 0
1.54 0 0 1 1 0
1.53 0 0 1 1 0
1.52 0 0 1 1 0
1.51 0 0 1 1 0
1.5 0 0 1 1 0
1.49 0 0 1 1 0
1.48 0 0 1 1 0
1.47 0 0 1 1 0
1.46 0 0 1 1 0
1.45 0 0 1 1 0
1.44 0 0 1 1 0
1.43 0 0 1 1 0
1.42 0 0 1 1 0
1.41 0 0 1 1 0
1.4 0 0 1 1 0
1.39 0 0 1 1 0
1.38 0 0 1 1 0
1.37 0 0 1 1 0
1.36 0 0 1 1 0
1.35 0 0 1 1 0
1.34 0 0 1 1 0
1.33 0 0 1 1 0
1.32 0 0 1 1 0
1.31 0 0 1 1 0
1.3 0 0 1 1 0
1.29 0 0 1 1 0
1.28 0 0 1 1 0
1.27 0 0 1 1 0
1.26 0 0 1 1 0
1.25 0 0 1 1 0
1.24 0 0 1 1 0
1.23 0 0 1 1 0
1.22 0 0 1 1 0
1.21 0 0 1 1 0
1.2 0 0 1 1 0
1.19 0 0 1 1 0
1.18 0 0 1 1 0
1.17 0 0 1 1 0
1.16 0 0 1 1 0
1.15 0 0 1 1 0
1.14 0 0 1 1 0
1.13 0 0 1 1 0
1.12 0 0 1 1 0
1.11 0 0 1 1 0
1.1 0 0 1 1 0
1.09 0 0 1 1 0
1.08 0 0 1 1 0
1.07 0 0 1 1 0
1.06 0 0 1 1 0
1.05 0 0 1 1 0
1.04 0 0 1 1 0
1.03 0 0 1 1 0
1.02 0 0 1 1 0
1.01 0 0 1 1 0
1 0 0 1 1 0
0.99 0 0 1 1 0
0.98 0 0 1 1 0
0.97 0 0 1 1 0
0.96 0 0 1 1 0
0.95 0 0 1 1 0
0.94 0 0 1 1 0
0.93 0 0 1 1 0
0.92 0 0 1 1 0
0.91 0 0 1 1 0
0.9 0 0 1 1 0
0.89 0 0 1 1 0
0.88 0 0 1 1 0
0.87 0 0 1 1 0
0.86 0 0 1 1 0
0.85 0 0 1 1 0
0.84 0 0 1 1 0
0.83 0 0 1 1 0
0.82 0 0 1 1 0
0.81 0 0 1 1 0
0.8 0 0 1 1 0
0.79 0 0 1 1 0
0.78 0 0 1 1 0
0.77 0 0 1 1 0
0.76 0 0 1 1 0
0.75 0 0 1 1 0
0.74 0 0 1 1 0
0.73 0 0 1 1 0
0.72 0 0 1 1 0
0.71 0 0 1 1 0
0.7 0 0 1 1 0
0.69 0 0 1 1 0
0.68 0 0 1 1 0
0.67 0 0 1 1 0
0.66 0 0 1 1 0
0.65 0 0 1 1 0
0.64 0 0 1 1 0
0.63 0 0 1 1 0
0.62 0 0 1 1 0
0.61 0 0 1 1 0
0.6 0 0 1 1 0
0.59 0 0 1 1 0
0.58 0 0 1 1 0
0.57 0 0 1 1 0
0.56 0 0 1 1 0
0.55 0 0 1 1 0
0.54 0 0 1 1 0
0.53 0 0 1 1 0
0.52 0 0 1 1 0
0.51 0 0 1 1 0
0.5 0 0 1 1 0
0.49 0 0 1 1 0
0.48 0 0 1 1 0
0.47 0 0 1 1 0
0.46 0 0 1 1 0
0.45 0 0 1 1 0
0.44 0 0 1 1 0
0.43 0 0 1 1 0
0.42 0 0 1 1 0
0.41 0 0 1 1 0
0.4 0 0 1 1 0
0.39 0 0 1 1 0
0.38 0 0 1 1 0
0.37 0 0 1 1 0
0.36 0 0 1 1 0
0.35 0 0 1 1 0
0.34 0 0 1 1 0
0.33 0 0 1 1 0
0.32 0 0 1 1 0
0.31 0 0 1 1 0
0.3 0 0 1 1 0
0.29 0 0 1 1 0
0.28 0 0 1 1 0
0.27 0 0 1 1 0
0.26 0 0 1 1 0
0.25 0 0 1 1 0
0.24 0 0 1 1 0
0.23 0 0 1 1 0
0.22 0 0 1 1 0
0.21 0 0 1 1 0
0.2 0 0 1 1 0
0.19 0 0 1 1 0
0.18 0 0 1 1 0
0.17 0 0 1 1 0
0.16 0 0 1 1 0
0.15 0 0 1 1 0
0.14 0 0 1 1 0
0.13 0 0 1 1 0
0.12 0 0 1 1 0
0.11 0 0 1 1 0
0.0999995 0 0 1 1 0
0.0899995 0 0 1 1 0
0.0799995 0 0 1 1 0
0.0699995 0 0 1 1 0
0.0599995 0 0 1 1 0
0.0499995 0 0 1 1 0
0.0399995 0 0 1 1 0
0.0299995 0 0 1 1 0
0.0199995 0 0 1 1 0
0.0099995 0 0 1 1 0
-5e-07 0 0 1 1 0
